1 0.461558 0.120013 0.105074 0.061835
1 0.290364 0.312832 0.105074 0.061835
1 0.710149 0.302859 0.105074 0.061835
1 0.440543 0.681848 0.105074 0.061835
1 0.262173 0.699801 0.105074 0.061835
0 0.136853 0.599402 0.076884 0.097739
0 0.446438 0.314162 0.089185 0.109707
0 0.567401 0.758644 0.069708 0.107713
0 0.781650 0.702128 0.069708 0.107713
1 0.796771 0.492354 0.049718 0.099069
1 0.569195 0.437168 0.049718 0.099069
1 0.137622 0.439162 0.049718 0.099069
1 0.147873 0.790226 0.049718 0.099069
1 0.336494 0.791556 0.049718 0.099069
